0
1
4
5
6
7
8
9
10
11
16
17
12
13
14
15
20
21
22
23
24
25
26
27
32
33
34
35
40
41
28
29
30
31
36
37
38
39
44
45
46
47
48
49
50
51
56
57
58
59
64
65
66
67
72
73
52
53
54
55
60
61
62
63
68
69
70
71
76
77
78
79
80
81
82
83
88
89
90
91
96
97
98
99
104
105
106
107
112
113
84
85
86
87
92
93
94
95
100
101
102
103
108
109
110
111
116
117
118
119
120
121
122
123
128
129
130
131
136
137
138
139
144
145
146
147
152
153
154
155
160
161
124
125
126
127
132
133
134
135
140
141
142
143
148
149
150
151
156
157
158
159
164
165
166
167
168
169
170
171
176
177
178
179
184
185
186
187
192
193
194
195
200
201
202
203
208
209
210
211
216
217
172
173
174
175
180
181
182
183
188
189
190
191
196
197
198
199
204
205
206
207
212
213
214
215
220
221
222
223
224
225
226
227
232
233
234
235
240
241
242
243
248
249
250
251
256
257
258
259
264
265
266
267
272
273
274
275
280
281
228
229
230
231
236
237
238
239
244
245
246
247
252
253
254
255
260
261
262
263
268
269
270
271
276
277
278
279
284
285
286
287
288
289
290
291
296
297
298
299
304
305
306
307
312
313
314
315
320
321
322
323
328
329
330
331
336
337
338
339
344
345
346
347
352
353
292
293
294
295
300
301
302
303
308
309
310
311
316
317
318
319
324
325
326
327
332
333
334
335
340
341
342
343
348
349
350
351
356
357
358
359
360
361
362
363
368
369
370
371
376
377
378
379
384
385
386
387
392
393
394
395
400
401
402
403
408
409
410
411
416
417
418
419
424
425
426
427
432
433
364
365
366
367
372
373
374
375
380
381
382
383
388
389
390
391
396
397
398
399
404
405
406
407
412
413
414
415
420
421
422
423
428
429
430
431
436
437
438
439
440
441
442
443
448
449
450
451
456
457
458
459
464
465
466
467
472
473
474
475
480
481
482
483
488
489
490
491
496
497
498
499
504
505
506
507
512
513
514
515
520
521
444
445
446
447
452
453
454
455
460
461
462
463
468
469
470
471
476
477
478
479
484
485
486
487
492
493
494
495
500
501
502
503
508
509
510
511
516
517
518
519
524
525
526
527
528
529
530
531
536
537
538
539
544
545
546
547
552
553
554
555
560
561
562
563
568
569
570
571
576
577
578
579
584
585
586
587
592
593
594
595
600
601
602
603
608
609
610
611
616
617
532
533
534
535
540
541
542
543
548
549
550
551
556
557
558
559
564
565
566
567
572
573
574
575
580
581
582
583
588
589
590
591
596
597
598
599
604
605
606
607
612
613
614
615
620
621
622
623
624
625
626
627
632
633
634
635
640
641
642
643
648
649
650
651
656
657
658
659
664
665
666
667
672
673
674
675
680
681
682
683
688
689
690
691
696
697
698
699
704
705
706
707
712
713
714
715
720
721
628
629
630
631
636
637
638
639
644
645
646
647
652
653
654
655
660
661
662
663
668
669
670
671
676
677
678
679
684
685
686
687
692
693
694
695
700
701
702
703
708
709
710
711
716
717
718
719
724
725
726
727
728
729
730
731
736
737
738
739
744
745
746
747
752
753
754
755
760
761
762
763
768
769
770
771
776
777
778
779
784
785
786
787
792
793
794
795
800
801
802
803
808
809
810
811
816
817
818
819
824
825
826
827
832
833
732
733
734
735
740
741
742
743
748
749
750
751
756
757
758
759
764
765
766
767
772
773
774
775
780
781
782
783
788
789
790
791
796
797
798
799
804
805
806
807
812
813
814
815
820
821
822
823
828
829
830
831
836
837
838
839
840
841
842
843
848
849
850
851
856
857
858
859
864
865
866
867
872
873
874
875
880
881
882
883
888
889
890
891
896
897
898
899
904
905
906
907
912
913
914
915
920
921
922
923
928
929
930
931
936
937
938
939
944
945
946
947
952
953
844
845
846
847
852
853
854
855
860
861
862
863
868
869
870
871
876
877
878
879
884
885
886
887
892
893
894
895
900
901
902
903
908
909
910
911
916
917
918
919
924
925
926
927
932
933
934
935
940
941
942
943
948
949
950
951
956
957
958
959
960
961
962
963
968
969
970
971
976
977
978
979
984
985
986
987
992
993
994
995
1000
1001
1002
1003
1008
1009
1010
1011
1016
1017
1018
1019
1024
1025
1026
1027
1032
1033
1034
1035
1040
1041
1042
1043
1048
1049
1050
1051
1056
1057
1058
1059
1064
1065
1066
1067
1072
1073
1074
1075
1080
1081
964
965
966
967
972
973
974
975
980
981
982
983
988
989
990
991
996
997
998
999
1004
1005
1006
1007
1012
1013
1014
1015
1020
1021
1022
1023
1028
1029
1030
1031
1036
1037
1038
1039
1044
1045
1046
1047
1052
1053
1054
1055
1060
1061
1062
1063
1068
1069
1070
1071
1076
1077
1078
1079
1084
1085
1086
1087
1088
1089
1090
1091
1096
1097
1098
1099
1104
1105
1106
1107
1112
1113
1114
1115
1120
1121
1122
1123
1128
1129
1130
1131
1136
1137
1138
1139
1144
1145
1146
1147
1152
1153
1154
1155
1160
1161
1162
1163
1168
1169
1170
1171
1176
1177
1178
1179
1184
1185
1186
1187
1192
1193
1194
1195
1200
1201
1202
1203
1208
1209
1210
1211
1216
1217
1092
1093
1094
1095
1100
1101
1102
1103
1108
1109
1110
1111
1116
1117
1118
1119
1124
1125
1126
1127
1132
1133
1134
1135
1140
1141
1142
1143
1148
1149
1150
1151
1156
1157
1158
1159
1164
1165
1166
1167
1172
1173
1174
1175
1180
1181
1182
1183
1188
1189
1190
1191
1196
1197
1198
1199
1204
1205
1206
1207
1212
1213
1214
1215
1220
1221
1222
1223
1224
1225
1226
1227
1232
1233
1234
1235
1240
1241
1242
1243
1248
1249
1250
1251
1256
1257
1258
1259
1264
1265
1266
1267
1272
1273
1274
1275
1280
1281
1282
1283
1288
1289
1290
1291
1296
1297
1298
1299
1304
1305
1306
1307
1312
1313
1314
1315
1320
1321
1322
1323
1328
1329
1330
1331
1336
1337
1338
1339
1344
1345
1346
1347
1352
1353
1354
1355
1360
1361
1228
1229
1230
1231
1236
1237
1238
1239
1244
1245
1246
1247
1252
1253
1254
1255
1260
1261
1262
1263
1268
1269
1270
1271
1276
1277
1278
1279
1284
1285
1286
1287
1292
1293
1294
1295
1300
1301
1302
1303
1308
1309
1310
1311
1316
1317
1318
1319
1324
1325
1326
1327
1332
1333
1334
1335
1340
1341
1342
1343
1348
1349
1350
1351
1356
1357
1358
1359
1364
1365
1366
1367
1368
1369
1370
1371
1376
1377
1378
1379
1384
1385
1386
1387
1392
1393
1394
1395
1400
1401
1402
1403
1408
1409
1410
1411
1416
1417
1418
1419
1424
1425
1426
1427
1432
1433
1434
1435
1440
1441
1442
1443
1448
1449
1450
1451
1456
1457
1458
1459
1464
1465
1466
1467
1472
1473
1474
1475
1480
1481
1482
1483
1488
1489
1490
1491
1496
1497
1498
1499
1504
1505
1506
1507
1512
1513
1372
1373
1374
1375
1380
1381
1382
1383
1388
1389
1390
1391
1396
1397
1398
1399
1404
1405
1406
1407
1412
1413
1414
1415
1420
1421
1422
1423
1428
1429
1430
1431
1436
1437
1438
1439
1444
1445
1446
1447
1452
1453
1454
1455
1460
1461
1462
1463
1468
1469
1470
1471
1476
1477
1478
1479
1484
1485
1486
1487
1492
1493
1494
1495
1500
1501
1502
1503
1508
1509
1510
1511
1516
1517
1518
1519
1520
1521
1522
1523
1528
1529
1530
1531
1536
1537
1538
1539
1544
1545
1546
1547
1552
1553
1554
1555
1560
1561
1562
1563
1568
1569
1570
1571
1576
1577
1578
1579
1584
1585
1586
1587
1592
1593
1594
1595
1600
1601
1602
1603
1608
1609
1610
1611
1616
1617
1618
1619
1624
1625
1626
1627
1632
1633
1634
1635
1640
1641
1642
1643
1648
1649
1650
1651
1656
1657
1658
1659
1664
1665
1666
1667
1672
1673
1524
1525
1526
1527
1532
1533
1534
1535
1540
1541
1542
1543
1548
1549
1550
1551
1556
1557
1558
1559
1564
1565
1566
1567
1572
1573
1574
1575
1580
1581
1582
1583
1588
1589
1590
1591
1596
1597
1598
1599
1604
1605
1606
1607
1612
1613
1614
1615
1620
1621
1622
1623
1628
1629
1630
1631
1636
1637
1638
1639
1644
1645
1646
1647
1652
1653
1654
1655
1660
1661
1662
1663
1668
1669
1670
1671
1676
1677
1678
1679
